Plik z RPI 181